5425
7099
2709
3026
7832
4851
4489
2734
1042
4822
7839
7920
1214
9543
3174
3194
3179
7803
2874
3950
8684
1771
6285
6224
5813
9586
9855
2999
5427
2129
6472
2416
4996
2565
1980
2039
8573
1235
3000
9180
5021
1823
4646
5996
4500
1754
9464
9262
4564
2815
9215
3311
7998
6914
6776
7814
4801
8527
7547
2968
7337
6467
5465
3313
4612
3603
8010
2993
3988
3667
6533
7613
9016
5440
9357
8907
5706
4006
7409
3124
7457
5618
2805
2514
5539
4417
9755
8788
8763
9609
7758
2088
7422
5365
7315
4929
9233
7754
7535
6196
9686
3443
2814
3477
2606
2707
5363
6241
5832
1384
7780
6357
7281
7395
6978
7383
9050
4993
7096
2560
6658
7783
7831
8445
1015
3522
8554
2408
3035
6193
8216
1117
5941
5677
3496
5015
2730
6663
8986
9106
8329
2063
2510
5389
3136
9405
5140
8883
5701
2630
5291
7365
2146
1618
3827
5939
8529
1040
6093
9348
6781
7341
1359
9670
7318
9719
3462
4069
6375
8989
3356
2090
8814
7847
3677
7938
6500
4192
8848
6962
6742
1798
3257
3362
3128
5372
9366
8476
1025
1069
7254
3461
5522
1498
1932
1611
5869
2728
4794
2931
8718
4262
8683
5466
3517
7032
6020
3387
9484
3780
2568
1231
5476
2866
6966
6537
6601
5826
7637
4662
2474
5741
6692
9099
8794
9212
3065
2595
3920
9341
1145
6789
3129
5115
6607
6184
1626
2884
1645
8615
1844
9417
7498
1260
3847
8111
3640
2175
8542
3001
8218
7700
4793
8109
3684
8019
5550
8296
6507
9192
1624
2991
5136
1763
4037
8083
3917
6206
6024
2638
6911
5384
1698
5123
8190
1339
1103
2101
9198
9513
7057
1413
8195
8066
9441
8761
3385
7300
8723
3475
8741
1419
8641
1714
1454
3123
3349
3375
7650
7291
3721
4032
8808
1977
4309
9047
1722
3623
7014
1667
8631
6843
7645
8884
7430
8205
9415
8407
7389
5326
4880
4392
6123
1053
5819
8428
3546
8783
5719
7750
6551
9754
3965
7481
2512
4076
2678
2268
4600
3507
9448
9751
8499
2028
9115
3419
2521
2134
3689
8841
6704
5623
9125
9926
6552
1398
1682
8139
5878
5679
5391
5508
7391
6833
9300
6098
4345
8648
1573
1739
4367
1233
4739
8185
5102
5161
7055
9524
1704
7494
9878
7164
8002
6560
2742
1826
5436
1665
1473
2403
7813
8179
3790
8965
7638
8751
3733
8548
6723
7591
2969
9618
4720
3073
4325
3703
9904
3979
2490
8590
2731
9948
1757
8418
7773
7010
6333
3260
2002
2197
7798
2102
9960
8840
5446
3374
2535
7926
3563
2054
2347
4138
2797
9157
2310
2107
6947
6657
1657
8497
4186
5037
4249
9453
7988
2617
7387
7529
2139
6480
5675
6680
8878
1308
4595
4075
9053
3263
7160
5023
2507
9879
4215
2586
5917
2414
6797
9468
6968
8870
6503
8821
8234
5234
5245
6738
9158
1693
6004
4790
2030
8899
5020
3281
2396
2320
1368
3392
6656
7349
5578
9205
6094
4008
1592
9675
8241
9895
5053
7185
4521
9662
3622
2227
3125
5982
7769
3464
6040
4692
1531
8900
2650
1240
9733
3919
8873
1790
9596
4154
4620
5884
9323
3901
1962
3886
3793
8048
2845
5735
1606
6919
7197
3535
6115
8701
4202
5097
9810
1403
7907
5703
5935
8279
1128
7566
6567
3108
5180
1350
4900
8901
4530
6331
1155
2464
6655
3792
1857
2158
4577
7077
1133
2778
3512
9671
6821
4655
2008
9238
2372
3615
4024
6855
9674
4218
5926
1312
9587
7094
6800
3396
7770
9201
1892
2382
1297
3652
8517
8992
8698
3842
2468
3253
3228
7683
6535
5474
8172
4585
8525
2135
8564
3924
4986
2819
6125
8126
1578
6395
9722
3775
8121
3164
4245
9067
2722
3849
2009
9975
2775
9907
4322
4030
6925
2806
9279
5099
8493
2223
9486
3857
2753
6368
2566
1786
1458
6982
5811
2274
8113
1499
7207
1615
1517
6664
2705
3023
6394
9397
7693
2388
4728
3225
4524
6478
6179
1107
3408
6793
8632
7580
5295
8812
6673
5406
2228
4704
4416
4596
1696
5064
8716
3629
4702
8220
4823
8340
6129
6553
4525
2774
4855
8022
4831
2883
6043
6326
9113
1137
9260
1551
9270
3410
3498
5321
4939
7510
8371
7954
1656
4335
6960
3595
2022
7701
2381
8509
8793
4921
3468
4458
2906
6578
2425
2756
3736
9289
8678
6052
5419
3310
1622
6391
8813
2697
8964
9089
5117
7381
6671
3694
2589
2654
1711
9230
3044
9172
7656
8687
5789
3448
2438
8266
2260
7105
5072
9811
7091
2740
1951
2183
2747
1487
9229
6666
7147
9168
8215
8206
2915
1901
1842
6523
7904
2120
6493
8270
7027
6388
4113
9329
8381
7755
4478
1911
8797
2299
7432
4330
1104
1158
7102
1881
7816
9992
6446
1008
6374
4961
4693
7911
2482
9995
4990
3489
7659
6957
5893
5969
2304
6463
5263
1447
9406
4250
2534
1256
5143
2038
5913
5439
3808
5299
9220
1854
8523
6937
5157
2319
3330
8903
9952
2297
6513
6627
3999
3636
5764
9432
2395
3960
2702
1950
2411
6208
8400
4450
8510
4273
3391
7470
8819
1728
8647
7526
6774
5732
5138
9664
9507
4769
9174
5350
6590
5766
4838
3716
4027
5128
3407
8768
8072
1026
3659
9242
5879
7145
9503
6876
2559
1354
5614
4632
3017
2238
1271
5857
1077
9175
8918
7569
9689
6898
8676
2554
2653
2918
4778
2596
8643
9757
2348
7482
8082
7572
4972
4631
8602
7762
5831
5078
8861
3921
7629
7537
1113
4428
6948
6392
7925
7472
5656
9723
8211
8949
6137
7375
8047
4050
9256
7464
3327
2010
1293
3474
4962
5159
6017
4510
3807
1171
7689
8024
5952
6319
6109
2040
4546
3624
4712
5385
6584
9046
9372
9332
5323
9399
1521
5029
6865
3325
7386
2337
2876
9325
1876
3705
8350
6338
1995
8668
5304
1151
4686
5774
6708
5946
1589
7951
6724
5809
3801
1670
7120
6860
3831
5765
1639
3725
3114
5378
4991
4966
8567
2770
4189
3028
3531
4539
3183
8213
8036
8320
3971
2593
9838
7080
9434
1088
1915
8656
5898
4484
4112
2769
1726
2997
5026
4284
8667
2161
7025
3147
6276
1135
2492
1530
7399
3059
7485
4373
3272
5402
4857
8153
6293
7867
4853
3654
1503
4446
9111
8533
4009
9184
8584
4977
4019
5760
1723
9837
8443
1016
4233
8173
7634
2911
3096
5940
8078
8610
4442
1286
4752
5382
4468
3047
4800
2738
3545
1965
8736
9565
3078
9361
2457
8655
8865
4830
8771
6328
4854
3346
5276
7390
5862
6810
7154
7763
9835
3042
9188
4638
3252
6242
1643
4556
8547
2943
9709
7895
8891
6979
7967
1654
9492
6852
2963
5737
4002
7322
4463
4905
8321
8488
6642
4755
1159
6863
3599
3070
3963
2644
9704
4560
2790
9197
3127
9666
2729
4532
2455
9793
9841
1855
7687
3467
4602
6174
8581
5019
5750
1644
3587
6677
5112
3745
9893
2941
1142
3211
4531
3030
9273
3406
6702
4364
5925
8997
2037
2897
8849
4115
6267
9090
4945
2785
5022
5589
7699
3230
3727
1546
2784
5988
3137
4151
4055
9043
7979
2833
6032
4298
1247
9414
3431
6342
5154
6080
8682
1329
5061
5981
4896
3242
5526
4726
4304
6235
8944
3954
2834
4166
5987
2793
5127
4619
5084
8817
7995
3506
4718
3895
8804
7896
7682
3185
4290
3466
3305
3673
9921
9032
2143
2226
5916
9281
4992
2160
4843
9051
6214
9166
4667
9750
2062
2462
3445
1558
5181
5322
4956
4180
3908
7283
3816
1850
5294
7338
8289
9858
9585
7657
3426
8312
1245
6528
9167
2958
3854
7157
6563
9075
7976
7585
2118
7963
3404
9987
6887
7486
8363
6124
9681
2325
9979
7589
7209
1376
6896
1905
9629
8887
5531
2378
9506
6516
2150
9540
3519
6835
7658
6111
8624
8660
9287
2172
2573
3364
3666
3968
3980
6048
2142
8439
7186
4003
4775
5999
7098
8999
9122
1157
2491
5492
2369
4685
3948
3556
2386
5560
7734
6522
9359
2151
1935
4674
1471
6989
6568
2861
2377
6597
8532
1617
4897
6003
8799
5423
3283
8449
6893
3335
1055
9446
2445
2600
1263
5752
2110
7257
5567
4624
4976
9678
6228
1637
6014
3538
8556
8305
6489
7434
3862
9913
2540
8281
8484
3935
5534
9873
9369
1132
4058
6886
8262
2280
3161
3068
1640
3580
1545
2232
3861
6036
7149
1652
6110
3481
1371
5063
6949
4946
5630
3261
4663
8753
2666
1737
7617
1169
5455
7388
8324
1188
2025
3074
3425
9025
4124
7601
6685
1810
9038
6924
5155
2500
3946
9360
2585
8600
9859
7960
4165
3480
5762
7531
4654
2901
5892
1931
7633
9498
8905
3714
8069
5483
8156
9497
7756
2309
6762
1283
8520
1872
2442
3317
3830
9200
6636
4935
8249
9442
3066
1513
9972
8430
1831
9091
6139
8851
1479
6473
2132
8671
9472
4936
2314
6164
7850
4882
7424
6716
5680
6165
3879
5275
4099
7187
8075
8773
6650
8569
2890
8617
2155
1956
5028
5532
9730
9625
4272
4766
4396
6317
3692
8388
8351
8886
6112
7065
8492
7356
1893
9847
1028
6447
8008
4844
1981
1439
2660
5636
5855
9996
2026
2049
1364
3368
9766
8060
2281
3033
8291
2083
9137
6085
6637
5866
7245
4371
8120
2982
6824
8674
9539
1775
4313
7879
4705
2749
4142
2878
5746
7372
8188
6874
3515
7881
2590
9029
9747
8838
4688
3482
9222
4095
3337
1548
6739
4329
9970
9375
4567
9598
3264
9298
4228
9798
9808
2308
2517
4118
8426
1296
5241
4659
4197
7269
8203
1609
4770
5387
4554
2045
4566
3110
2256
8871
9365
2889
3050
3269
6525
8256
2546
1597
5768
1602
9899
7020
4059
5306
1934
5069
9274
5348
3318
6867
5570
1733
6701
9764
3120
3738
1886
8142
9525
1945
8880
5875
6791
2069
5478
7000
7413
4224
9317
8825
6942
6470
6573
5629
8816
7678
8406
5421
8130
8504
5173
5278
3013
5721
3613
5763
1490
5202
7061
1650
2970
7972
4241
3707
2065
3884
7288
3896
8578
5549
9110
3299
7469
7885
6557
4788
6077
6257
2715
9077
2086
6707
6262
1689
7726
9672
4408
3224
8904
2051
5968
9120
7858
5903
9640
2813
9933
5395
8429
8379
3828
6251
5641
4759
2811
1576
4203
5047
6168
7190
9769
8635
1906
8046
2768
2362
8237
4141
2927
4587
9839
6236
6757
3207
3355
9911
5333
1865
5269
1383
2114
7126
9971
5098
8628
2599
8049
6585
7363
3996
9515
8184
8315
4079
7385
8806
9894
8487
8064
9018
4000
1713
3160
2847
9720
8434
4242
9153
3343
3405
9466
8448
2919
2124
3254
3401
7952
3835
2067
8458
1102
5210
3350
7306
8106
7279
1388
9142
2537
1179
4123
1494
6581
6141
8575
3038
5621
7574
7364
5604
2459
6741
1735
7359
9964
5974
1978
1409
8288
5477
4444
8030
2895
7295
3937
1817
4744
2496
6847
4293
2006
7570
8728
7193
8025
4729
1927
4357
6398
1475
9715
7268
2542
1720
3858
6566
1318
1759
5120
8253
7415
2498
2711
7358
2966
8828
3091
1930
4350
2029
7499
9544
5887
4806
4648
6610
6930
6570
8514
1791
9624
5739
8014
5498
1009
9611
5187
1211
3668
4614
4758
6571
8419
2808
5700
6605
4397
2064
6630
2313
9843
5239
7688
1605
4731
4062
3451
9353
7691
4148
4007
2786
6221
7241
9665
4447
5144
6138
5772
7608
7765
3572
2601
4125
8543
8782
6496
7054
7936
2350
6295
8382
9939
6082
2804
5803
1385
1949
5198
8703
3985
6005
8128
4438
8842
5383
1663
5846
6494
6143
3157
1619
6335
4850
1700
3367
6686
6543
2144
4837
5204
4155
7201
8412
7129
6282
2821
5905
3046
1050
8015
3167
8966
6072
9768
8926
6358
8605
9691
9801
8846
8746
2735
8362
4176
7438
6920
5081
3907
8408
5324
6278
4236
9791
7071
6939
4046
2192
5464
5829
2216
4311
7202
7212
9802
5141
6360
2343
1840
1706
5226
1161
5415
2339
4997
7825
1744
4680
5373
5958
4332
9706
9607
7044
6681
9673
7400
7256
6915
8020
8923
6126
7749
6955
2291
5801
7621
2527
3323
2672
4908
9475
1217
2465
1285
3039
7587
3141
1410
9152
