28554 31772
14724 31812
31794 458
24100 12872
27006 28320
1613 13743
469 2107
37103 10894
29082 10171
19760 1056
14864 8265
22555 456
17278 12235
36912 24163
12680 25101
20724 5743
19271 6894
8755 12843
3655 14137
29555 25539
27469 1500
7442 9004
32558 12801
21199 23333
20494 16429
33785 34235
33069 14616
6003 30316
26529 25794
1090 34137
34220 1927
20617 10113
16312 25708
31091 21563
440 30500
38209 39883
14588 23086
5120 27700
20428 29731
12367 8649
20072 14720
6003 7445
5001 20557
6977 7578
3207 28660
11028 39622
30135 25576
16610 3660
30135 31659
28129 10256
33118 13577
23220 8918
31225 38586
1227 23738
12161 5881
20218 21995
30792 6236
24968 17247
16150 34802
13433 24288
36637 36750
11804 38280
17467 28038
11613 23904
37741 25546
8863 11346
19224 13485
10892 11797
22829 23413
4858 10131
10336 12576
31189 39859
17393 20940
27536 21134
28456 6602
15349 24101
11510 34189
18211 11678
3250 39350
20740 37242
20660 5151
34298 21319
469 25692
11292 37082
16367 25204
36565 32227
4560 26196
597 15238
29555 32677
17445 1004
2759 30558
26452 39196
4161 15573
8071 1934
25519 25826
13403 1847
7440 3051
25842 21980
38209 33228
14724 18633
34049 37229
25971 1390
16386 4528
38420 8674
15093 2559
33572 24846
9537 32897
14807 6141
28310 9966
27066 32092
30923 10800
9397 17021
29208 9467
18600 21702
25235 31970
9762 4716
15670 38956
11071 22762
39035 21695
38974 6392
8939 13927
26638 30115
23955 19044
15556 16632
29134 16723
8848 16857
31997 10646
6609 9922
16880 38862
12762 27765
26553 31174
3992 9864
33032 36201
28825 25469
1115 15696
7204 15393
37328 20092
4579 27680
37553 13253
27265 8498
17278 15791
39471 37919
10655 18639
26637 39209
36758 4994
21305 19465
29808 9701
12555 18680
21038 30139
37124 11424
264 24416
33572 29904
38678 24127
16538 14138
20072 12132
24216 8973
3275 36723
28260 6076
15082 34970
19626 34598
1090 38914
30874 12614
22970 12952
10076 34820
21899 18430
32251 17067
6477 32259
682 26826
31543 37699
21841 11940
26854 7124
12969 34106
35969 22294
28538 5129
31456 1029
34438 22507
29555 20142
22904 34847
16890 37359
13447 33538
11804 20413
11276 6910
18600 37369
22994 36345
29077 33472
2095 28521
35158 16149
26512 31627
14843 12380
30063 36037
29695 9842
37833 9123
12367 3705
35852 10164
39162 26152
16672 30401
21504 39820
28843 4326
13351 7421
22970 35728
31920 14804
12592 18104
37378 24220
26222 36597
5936 16191
7198 4921
16385 10880
33884 24035
23218 19670
1001 12936
15153 6761
18929 22580
21892 9840
21530 7176
21462 13549
30923 31591
16680 7878
2818 23228
17985 32692
33593 27528
16599 1708
29097 243
3928 29100
35584 5161
13447 13514
29713 26657
29357 29551
26552 5188
37103 10254
21504 8721
687 25853
25342 36557
33589 22144
23324 23498
8753 31833
27409 6944
22555 34623
32468 11514
12341 10553
23175 34707
22102 21151
37994 26009
1237 29970
14852 8421
34352 34372
12156 12390
14527 23125
37434 11562
1620 26597
25971 25707
33917 4785
10633 37332
25166 38019
33282 850
16132 10198
16107 39102
60 35606
13893 5754
34883 4748
16540 27305
38322 8088
3967 31939
22811 37650
17807 32843
27665 32769
12480 33706
15556 12943
7141 12379
25112 10024
33528 32500
11064 515
8018 9706
2098 5538
6765 28133
33479 38560
21192 14974
39988 26741
181 24734
30477 38167
8137 21946
20778 10171
14251 16458
33801 37093
7442 16650
18211 14856
4363 11114
27693 23979
38209 8979
35889 14521
321 28982
597 291
4475 35437
22970 6361
23957 6865
14080 13342
18211 4468
8079 28626
721 37139
14063 31168
1348 555
26638 32676
37103 26542
14251 12204
38966 27515
21805 8222
23220 22508
6336 5583
6793 2716
17136 39869
7299 5043
28547 27053
14251 13484
5418 25505
25390 11577
14367 10885
34540 23334
36196 33707
4560 10948
399 21829
12031 12986
18948 33843
25979 27149
597 33719
8755 27617
26452 22868
27033 1766
8118 22029
321 38478
15600 27846
15603 13343
5082 15739
31456 39809
25423 623
12419 11290
24175 36442
12480 18457
18306 19975
17577 2458
9206 4866
30874 29086
33893 13683
10867 32278
15275 7299
2954 25074
27469 5048
1842 2961
32792 33563
27409 38062
21838 6474
21407 28051
21073 21004
18318 35603
3670 36040
2417 12807
37022 30362
19543 1681
8599 21988
8865 34640
18852 20686
2823 12999
23318 36854
8433 31330
10655 9377
22649 31983
36297 21474
33572 17426
20617 9321
32688 19444
34352 8328
6654 34128
29106 1954
11276 7564
10716 3014
38899 18851
16680 17514
25338 33204
15059 719
5940 19212
6815 35649
1925 2266
37848 33346
5731 37567
19121 16371
19335 26334
709 19045
21899 3053
30362 27568
8721 11648
24376 10281
28329 15442
19978 34878
21841 8307
19434 26257
33204 18773
14440 21771
3678 32708
26439 2919
35852 12401
3937 9343
291 22995
9150 22931
21647 1777
19968 1530
17180 4631
682 15768
6086 31886
31794 12781
10724 5496
2902 11665
11867 21558
20072 37018
12480 39840
33936 23411
1360 9887
27111 26388
31559 15887
12480 14422
34395 27071
4475 12653
13379 25696
25642 35112
18886 13175
29213 22310
32935 2843
35153 2112
39530 21676
9431 22074
29808 7028
33408 14417
29838 35376
4593 37459
2144 16840
3809 34091
13008 18448
14567 31175
19361 6946
12592 25898
2246 25818
28769 38720
30090 36921
14852 32437
24482 9539
6168 15952
28055 31978
2098 15380
646 3476
15603 535
33479 25086
23687 35839
13780 20026
31824 905
10655 18433
12674 10884
34688 13594
10724 23137
22754 16208
32935 3301
3286 1194
34458 32046
20866 3364
5578 32881
7784 8525
583 24814
31065 17549
37906 4639
9835 36538
35701 20286
23913 28030
31065 26295
11064 9549
17985 12301
37308 24447
7481 19214
22529 21919
34438 35153
29534 4196
8079 14120
23315 16006
29629 15144
24482 23845
23502 32396
12962 6444
38077 9954
5665 15878
39162 3636
11071 2823
32142 28106
2417 21612
15742 37792
2496 6785
37848 37308
36005 37157
12555 29640
35941 37375
30350 22570
32142 6582
9751 38948
16312 9009
22246 25236
28372 1060
481 1214
20498 37666
29438 27441
30923 33676
26170 35149
33740 28980
35414 36862
29808 39485
22588 13599
25423 29394
17521 20069
30767 39041
440 31990
22583 16163
23050 23083
39471 4271
3967 21381
24055 25972
26170 35687
18852 18820
20072 28099
321 36873
8263 39239
8830 29274
2592 20380
13963 9178
10593 21362
31890 6130
4475 8150
32142 20811
27409 19509
11732 15105
37291 35199
31890 27852
15076 26460
3937 4545
589 28782
29838 35398
32272 24067
9038 6937
28990 27600
13379 17382
9884 19555
30827 29630
18211 32349
19879 1502
31065 6271
25342 6477
31769 9980
34227 2131
15219 24372
5771 11456
37994 39583
5936 6002
39926 32630
8568 29874
15059 22763
10593 17455
1613 8563
23938 8836
10391 37036
12592 3738
39471 14956
15878 5691
26282 37542
22811 19951
32195 6064
14440 4400
14251 18244
30426 199
20415 6764
28260 14315
39191 34911
5418 18161
9939 20958
28456 35963
13516 35074
1687 30428
33184 28385
22428 5755
6086 17550
4915 6352
33572 18989
16849 7811
34298 1232
35600 15622
12555 7548
7172 38077
17074 9523
25683 12193
28538 29501
33572 35943
36758 7945
33992 12797
33334 5020
13351 24693
9488 16878
25671 22039
17278 36528
24665 2804
8050 7528
11147 33563
23218 24626
16672 3060
25842 28832
16610 21512
33033 25920
6677 18112
19191 8198
15804 24824
15654 34410
7683 147
8054 32846
21505 4063
39700 12026
22102 9196
23701 38815
19271 21016
21899 21867
19275 39023
1051 28997
21817 217
6857 34040
23551 13860
6451 5297
22116 4674
28452 30143
18866 25877
709 7046
23017 12092
2326 29848
39668 13252
4822 37875
13379 36368
4475 11216
36777 28157
38209 9336
39825 11322
36565 8814
28129 20436
29650 13854
7331 35191
12288 22519
5740 487
22970 19901
12663 23198
11474 9297
33399 7433
22774 11922
36336 20254
10235 4770
11064 23477
26554 25141
30918 4417
19191 33037
36777 32400
2098 35945
32077 28542
14224 37544
32526 8234
27665 14348
38732 25602
37124 32575
14376 12454
26554 14469
27978 3328
19271 34236
22583 24867
5370 1867
30767 33206
35296 12889
19929 15667
1001 8833
28765 1280
4915 9849
31022 24053
4560 2355
33184 26624
39790 20031
11474 13157
10216 3629
39035 5971
34458 16568
35134 33714
13747 38081
15025 8789
12029 29600
7481 16891
25842 3190
35895 19674
7440 33329
12335 21690
8679 10182
2630 22038
32866 16394
33992 5014
33391 21102
25396 24829
32195 18384
14305 18828
15556 22890
37347 25003
33630 31973
15163 6112
8071 5120
33794 17692
5936 36740
22441 12367
3929 11140
20065 18930
20042 21176
7481 28203
24414 30446
33917 37603
9569 6376
30491 5958
39494 23431
13677 25783
7742 32920
19626 4020
15082 16892
37657 8199
27536 15362
8076 7218
2759 18450
966 36633
22649 34825
25136 37520
15221 2135
5665 18785
28059 12689
15951 1157
33622 1503
34691 39143
38608 29083
20584 37844
31824 31198
12367 25850
817 23386
8378 7784
23090 21492
23220 14241
20656 19381
16367 14492
16386 4225
20760 3300
8085 23161
18496 3996
10647 2037
21038 23573
29838 35248
19512 27096
10593 12158
6003 17237
23701 35648
23913 2921
5668 26080
20065 6937
16833 37038
24439 5298
4909 14969
37123 38621
2068 20345
33893 12130
30769 18375
30063 31018
26854 22544
4413 35163
11804 23025
24439 14099
7105 1480
966 36245
28059 3075
26553 37960
4133 17982
37994 11515
25941 14697
1001 22854
30792 20272
36637 24596
24715 519
3992 28469
7204 9563
1115 14338
2954 17641
3967 33402
16833 14886
21661 13443
29808 34771
39035 7357
581 12926
6964 30635
11485 16054
30243 8644
2360 19086
16833 21418
13135 13023
26699 37072
27026 1267
10769 17866
27537 10674
21192 20539
19715 2122
32077 973
25941 10216
6609 30720
13135 958
19275 30405
38608 27841
3262 19817
8149 16171
37006 905
33497 37281
1123 22488
7643 12816
6182 19680
2792 11801
9205 16594
3188 17221
11366 16950
5120 17028
27469 9793
28318 5810
14807 10098
38393 18936
321 20152
1123 38048
35077 36064
38237 24059
31559 34368
2818 2986
13433 34586
2373 912
966 30654
29134 32914
28769 12246
26512 11106
26512 5239
5468 32051
7402 8839
25637 15895
16652 8228
20522 16765
32272 28572
37922 30083
19879 9593
2373 20063
30111 3995
13483 35111
35534 28217
12519 28798
23855 1220
35584 29079
9211 39688
28725 7970
12341 32993
25665 32576
22654 11208
9187 16785
23218 19472
38974 15208
682 35107
2834 11996
7643 39721
6336 639
18367 5666
2862 8672
31091 32920
9885 22447
10216 29988
25342 3200
35852 28193
10336 30300
19510 18139
9206 23274
27536 10205
24017 8258
21192 11090
19361 7827
21504 31858
10716 9332
26526 39565
20778 33018
33243 39185
25112 8463
23548 8470
4588 32693
29213 8996
29645 34238
15738 35560
35735 16287
818 34703
17136 10061
38716 706
35735 9699
33584 26524
6282 21523
28843 1789
33553 14816
30090 2281
3992 39938
23809 5475
19434 27042
37976 16460
6107 8615
23090 34509
32077 22875
31824 35153
22373 4416
39162 27485
24990 34338
29376 22345
15827 37822
36297 21925
23324 15524
18852 10795
17807 13642
12367 31712
27409 2335
2677 27289
5625 18919
34998 13648
1460 14180
31091 35436
30874 23114
5771 21753
36196 29828
12592 22359
28318 28635
26638 21835
26175 12
30187 5813
5004 25644
12851 15220
32272 19865
24902 26914
23356 6148
10216 9057
33519 6102
7843 7871
14587 21139
10281 20155
18304 37736
18627 36317
25971 37572
6793 24482
27066 10761
5120 18984
6793 23724
38322 1472
26831 30134
38996 35743
15781 38226
712 13731
9211 23258
10769 2828
30084 36099
23687 14685
3768 34531
31794 23183
23352 35799
24482 36819
21199 39581
28885 9717
39544 9242
15878 7371
33698 5335
6168 10904
7643 1975
32376 1352
23709 9419
23400 2619
24968 23637
9229 35557
26170 22034
37994 2062
35153 11104
7843 18604
23274 10562
26107 38526
35293 39725
21731 20048
19929 16369
37308 27055
6086 11740
17278 19939
22926 26156
28267 33278
38274 34887
24100 9895
24851 33879
7784 19643
16149 7841
34189 27355
31625 29317
3670 29983
26618 29145
31543 22907
15281 19538
39089 24549
37888 36808
10867 32236
12411 2545
29032 19825
37888 16352
33740 23698
36637 30098
19662 17336
13557 32253
21199 12115
27892 11249
33884 4172
2190 11318
27033 20284
13008 11603
1001 36116
32792 1739
6883 37365
23709 4846
33992 30970
7515 28057
16652 15259
1319 20629
20325 27986
22102 24615
31613 2639
15023 34986
22649 32414
34608 2056
14287 39529
27066 6023
26618 25204
20325 26606
23844 5480
16868 6969
29349 15379
30063 21645
38209 24837
31804 4907
2759 36158
27304 2936
25683 20804
14932 14014
1613 24862
37843 33804
9569 16561
2024 19097
30063 25469
19275 22266
20415 24330
18252 19512
15082 20125
17985 3643
30135 6241
35969 25634
12522 4664
14119 6129
1051 19121
9137 28564
29838 17935
21203 29723
8433 6013
10963 33004
10884 2091
28318 20779
36912 12264
22103 5450
33884 23486
12031 6597
28843 27988
21818 6161
33399 30053
26854 30114
2528 19141
27590 9848
11077 13533
39471 10914
10867 16569
14994 39987
306 19251
37291 20364
22649 16537
37679 15374
29561 34277
39589 26554
589 29648
23267 4150
11276 39735
264 14947
2417 36611
11229 27512
29438 2159
18318 39047
4822 8723
3262 33551
26439 17257
32935 22885
469 14296
7643 35407
12522 3231
11534 5239
27892 25179
37679 37916
34753 25660
34813 24268
29958 9585
9361 32471
7440 18917
24144 10982
33622 1479
16171 12443
34202 6332
9871 15688
38996 34448
15450 14381
5524 8859
35562 21965
23090 33386
37833 1644
9893 35578
28307 19200
18535 28338
16868 27092
28538 39574
22811 30194
481 35738
10655 39055
3659 4207
17375 30928
39198 9141
18535 12075
35865 27087
12288 19596
26831 9838
28538 39798
6654 25596
36911 17817
20072 3568
21091 7274
30767 35703
866 3430
16171 23843
36565 7394
39790 35559
589 21915
12480 18631
7643 27139
31890 18246
28116 2104
36196 36229
15450 35487
22418 24122
597 35156
29524 1541
12903 22519
19894 38198
5120 34141
1237 19312
5853 20116
23408 12811
27066 12407
22683 31409
17896 29854
146 22010
11523 28624
11474 37960
19121 24190
30669 29413
6086 5969
6509 17635
10216 38270
12457 21037
18627 3201
30874 14421
22811 24098
1707 32782
29555 18248
8444 33684
36582 34735
2467 492
37277 25605
18573 29190
37103 10401
7904 12687
8044 7560
39386 4814
23274 36690
37175 31097
11276 34741
33884 25405
11534 1287
11818 275
31890 20624
34238 19888
37464 37048
7122 11451
1090 373
39000 8274
97 444
5668 14013
11064 12119
33184 3192
2246 37653
881 900
1718 2580
2973 6140
36565 1038
1001 19664
16386 22596
16560 3383
17746 5668
33553 32303
10243 3637
17235 5037
2467 28820
37378 7184
11276 15570
18600 8992
27693 30261
6307 26627
39115 141
16599 17031
31559 12020
33408 3829
26185 36918
12991 34746
18655 1971
7412 15189
31349 5805
2316 18702
12773 31658
12969 18920
27111 10164
18318 33228
28725 31789
31065 5974
5668 30681
6609 13217
26439 1388
16610 28662
28554 19049
13433 28993
21661 17923
8938 15765
21038 4552
10742 24278
11931 26494
15163 19705
29968 807
39471 19726
28055 7676
8568 19502
29808 3030
1700 24588
23463 14782
10724 35860
23028 20109
29213 14782
22514 39617
36911 30274
14440 12314
5112 5972
31372 25750
32300 34948
21398 9462
34438 26290
38322 31192
32742 8554
22645 10899
33893 28072
11474 5623
12962 37969
709 12839
39790 29097
8895 38714
16540 15259
5936 36080
39386 38499
24378 17122
28260 33181
37091 32701
4413 21689
24990 20289
20778 13181
37794 2359
30426 4104
36569 28088
17320 21024
28769 19942
2979 5013
25989 13300
26699 937
35852 26559
18535 34876
26699 39794
27570 35038
33794 27770
10813 31839
34494 30850
306 15759
18612 8633
21462 39633
35969 20150
6376 27372
22428 5438
34298 17394
38655 24076
11064 37258
34998 23756
25367 21150
39668 3660
597 16322
33519 8424
23966 39443
9859 35366
1925 12385
21805 38968
16367 16577
14090 8794
28493 17557
139 9071
20498 3741
16132 7907
8939 12074
12857 25540
34387 23196
25725 1934
35735 33196
5771 22426
32168 35523
7473 13913
866 19290
21735 21856
5625 11061
6509 6368
1931 31987
17927 35994
7784 26810
8721 27066
25442 2604
19626 12486
15725 33451
779 28700
34298 3533
33884 3646
38980 23054
18679 17564
14527 28189
15059 122
28765 3685
22649 37257
17320 16163
22683 38697
6760 39115
6793 37213
37123 32590
8018 14488
27030 749
27200 38217
15082 34597
20778 35486
29151 24880
10655 34251
30426 16401
18627 577
7683 19973
2050 39897
33794 3547
11529 10282
9229 14330
21459 31295
29695 39122
28769 22885
26618 8294
11745 21918
11534 12142
11064 9017
37304 21615
27350 22748
38996 24183
30084 19221
8865 14405
25683 6855
13847 7451
22100 13312
19991 22946
37794 38396
23300 23400
5112 19454
33893 23878
14843 2651
27469 9025
6003 13779
18496 32479
17927 25974
29134 3592
22428 632
30187 18740
33394 2499
16849 2057
31804 32809
22970 15707
10243 39584
21431 18248
15596 14955
37329 5064
9206 9077
11745 12664
32671 10785
34942 7543
8865 37884
26854 29387
22645 17760
27409 23769
27469 23094
37277 5545
13351 33210
19692 18007
14367 29452
14440 38006
17393 21176
11474 12159
22904 39549
36297 60
24439 29965
8054 28102
14990 2215
33408 30719
27633 29842
17985 27485
33506 30567
8721 207
22054 12808
38732 7214
33936 24131
14587 26673
29032 35803
5354 5823
1638 11974
24990 23559
35998 25572
1936 36960
12571 3352
8018 3299
38795 18576
25747 28118
21199 38529
7481 13585
37870 20631
24376 36555
520 39340
27693 1132
9229 21169
16171 24659
4717 35851
22103 27995
17985 11566
23291 22582
26553 4022
28417 31161
16657 13415
20781 498
11229 26499
11064 8029
15981 7599
33622 16232
26439 13529
8118 36530
35969 3921
33479 24864
28632 36326
32935 31063
13069 4844
36699 3330
35584 3268
5120 10310
7331 23490
24439 39184
29498 25879
34628 24451
2592 392
11229 311
21220 7211
4361 7995
6509 16883
15383 38895
35962 7949
9751 24380
309 32871
30920 21435
9206 30872
25683 27745
36380 35668
6336 26405
23274 18923
6677 26057
20617 16569
34029 17463
37308 14235
39011 7930
421 10593
28487 21271
5418 21116
6781 1133
29282 32789
15654 39894
29838 19172
23463 29632
6883 24118
25608 8547
16540 15026
24884 1338
31804 21304
37994 15596
9014 27027
23463 9923
6654 2883
17985 28423
17180 23408
14278 16346
16540 12957
4398 38974
15556 2791
15190 6516
11276 4757
34740 38714
36699 16364
27693 2873
24990 36008
28538 21940
25112 19976
17763 14645
10655 13058
25533 26852
22774 20651
38393 37778
7740 12034
30090 36806
8137 33369
13689 27299
35895 31091
11894 26688
4398 28165
7740 3878
36591 11302
4822 13691
15065 10258
30187 33777
15810 15770
17972 11347
34813 26630
35134 28400
19256 25662
33992 22369
28318 30747
34494 35061
23356 10335
264 36789
3670 8020
10742 36192
3929 18003
32220 37221
14440 26608
36611 20207
18535 9796
36942 39987
18275 25482
30084 5068
28725 20506
2098 35590
30827 18581
14375 4851
20778 24118
35600 11288
13008 17348
37833 20814
33239 25228
2360 16240
21817 29338
32690 25679
19434 19510
30426 36189
21455 564
27665 27711
10071 31702
23218 33916
9431 11001
17936 26480
11818 1229
28096 31332
33011 21346
19929 29969
19335 33842
24665 7075
622 11745
11064 27799
30590 14538
21661 7982
17393 14477
5771 14419
13557 20494
21459 38279
22683 9304
4858 3125
16672 38017
11510 34819
4398 10420
16149 25697
39530 36248
10235 4401
11865 13946
11064 24845
8930 9737
26170 16707
27006 19631
4542 29267
10391 20246
22281 24588
15878 8657
8893 9000
17763 27296
33794 16523
15219 30674
16610 24713
8263 13987
21983 7007
28620 33806
3317 29444
8986 5765
8137 29873
38899 35772
21192 37417
37794 15807
21661 10084
2634 13839
26526 23114
10391 32580
6817 35739
5163 5814
18723 20711
36911 13871
23213 17224
19361 34375
23300 3063
20415 3675
8865 38957
34489 4980
14843 8185
20470 39061
589 2278
21459 19737
39035 2980
39191 1059
18178 26677
17985 17779
33584 18548
17603 24835
13479 27370
38974 29994
23028 27293
32195 4650
6451 20809
36565 35229
3967 3824
22583 5361
34220 31684
21358 22324
31767 27642
1700 21985
13658 30571
37175 13208
481 15567
24641 9886
2467 29562
10742 28933
35735 22602
9488 24382
34202 34193
18627 9789
31920 32859
32690 6333
4111 33601
866 7943
15076 34159
38209 18757
27665 10844
20478 31615
16386 28495
10281 17739
27892 7093
28554 19584
19690 30506
38322 24923
20196 5770
3032 26839
35686 24081
4561 3463
25680 7825
9414 8863
5771 7585
38608 21246
13438 422
5819 3520
38420 18799
4475 15278
32602 34749
8930 8185
33071 16242
6307 37621
13557 3339
34393 34532
14932 27572
29412 16577
12434 13695
35728 23389
11529 7271
17278 38382
18627 35681
21647 19991
39191 26712
28307 10242
9229 36681
4579 12107
18011 30611
12674 36324
32574 15773
20231 35137
25971 35046
28834 35962
4560 27105
13351 22878
23291 24616
27974 10454
8755 36306
37668 31118
8190 25213
28769 20214
2373 27375
32935 39182
33506 21280
11529 20930
6824 22401
19335 21616
10593 3328
6339 19317
6070 19554
22583 13549
5423 38634
11474 62
881 26078
9411 8841
39589 24660
29357 11997
15327 6710
12489 35507
28893 11080
24665 36024
35134 9671
13447 3989
23274 30197
15059 27799
5004 23796
16745 30406
27033 31527
20760 9846
19690 28254
24280 37482
5001 13755
37169 36081
35686 1564
34202 15620
27554 2976
23551 37502
29000 13417
21220 15967
4011 1859
36994 30966
7740 619
5423 8467
34438 37692
31890 32817
37090 22970
10716 33841
23218 33781
16149 15528
13549 20295
19256 3109
21892 35879
33640 24325
12773 10010
31022 9800
22904 24460
589 9077
1189 19033
25423 23166
9557 22383
32272 15825
34680 17919
22926 37214
7643 34729
38393 14023
2592 39631
23538 27368
11122 19289
31442 10017
33243 11432
32715 5625
19928 39083
28129 36048
37308 10765
10336 15637
28055 32484
38464 20155
38393 33731
13433 12260
31561 35698
36637 29934
33698 15096
10995 12748
37113 32877
5578 12393
38393 4004
14375 9898
10200 30970
25552 11412
1001 9659
14224 2091
16386 7598
22893 19329
30669 28774
16759 1213
3207 32641
8018 27048
14109 1029
23297 8797
32077 19051
11534 31964
4822 2778
13351 23520
5112 36277
1001 32835
11071 8835
6815 37329
20072 19204
22774 20894
20042 3622
14440 20554
28267 3612
5625 35039
20685 24930
7740 17757
21504 12780
18132 17629
25342 9251
14792 20385
26452 32777
20760 30712
32300 37445
19191 36704
6451 36233
14567 34333
2954 12919
16833 23319
6454 21921
264 35899
28769 21983
36591 5365
37377 31504
31824 5979
21647 6699
30090 37005
31567 13173
13549 876
21735 17984
38804 2253
9480 1239
24779 5069
19191 18382
36912 6680
26552 1104
30135 26734
15951 8449
6654 15892
27030 27399
30111 12763
5112 4612
15945 15700
17521 16268
28 33221
27030 36529
37308 18710
8939 12276
1700 5320
30920 15094
1925 13709
14807 13578
31920 27535
37277 32940
23356 8588
4027 17239
35600 21048
23291 4156
36099 60
5625 4654
33219 6758
19978 31623
23318 3736
1123 17727
26107 21987
9211 33329
9361 23583
37888 9525
33282 818
31057 37203
3000 13141
15309 9242
10281 10249
8071 8585
20660 32281
20705 19628
27693 11458
15147 31270
13230 39692
34220 22948
14471 8306
20196 38497
20415 10661
26450 1080
17431 2644
6086 39527
8244 1155
6376 12441
34494 9845
13447 23501
27026 3999
10716 28552
26107 1517
14080 38923
28538 26797
29511 24637
20584 34943
139 35024
14807 22617
32142 30208
6282 11590
38996 36880
15810 29268
712 4909
12579 7095
25112 1398
33884 25001
25432 4372
36777 7044
35686 24101
1857 28317
8263 1788
22883 23524
25971 11105
4560 2130
27033 23951
18929 9850
687 24067
30055 18531
37608 34885
9537 18321
6376 7402
13438 32457
15810 30988
28990 5079
3215 23592
34458 18628
11402 20778
11818 10890
28110 30258
9397 10173
1842 33910
37679 33916
20218 27960
30111 24042
33584 6436
595 15939
17628 20770
29208 2540
4911 15700
14724 19793
25581 14867
27974 25342
7481 10003
25501 30906
12969 15334
22373 28743
7172 6779
597 33709
31224 22328
33698 14783
3929 26418
33593 37202
28310 10286
23679 12540
19275 13476
34753 26293
7720 4532
20760 12612
11865 10856
36591 21203
17521 36909
11534 32417
32300 5587
28990 945
32558 26761
28959 2109
5771 34891
19626 24276
15268 37816
27048 35838
581 1745
21192 28740
10448 8216
23220 53
24715 20535
4915 39121
6883 29547
29958 13182
15082 32704
30920 33418
19256 32962
17521 30763
15383 27389
13549 23883
12122 14292
6307 13029
5625 7875
1857 7124
1001 627
38322 24131
27469 28270
37888 20078
36318 11765
8939 39274
32077 12964
21805 29069
33399 1007
5625 24293
4717 20980
26298 12633
16132 15919
31456 28132
12411 34306
17180 12777
16335 28094
37277 22487
19277 28212
37378 7748
34608 17077
16150 806
22103 17108
28538 17107
10817 15476
15951 14844
37994 6228
11485 34276
2024 13590
11316 4109
1051 16876
35584 37870
29534 16343
6070 11960
24122 33910
9229 23601
32919 23485
1189 7442
33893 23590
28037 33650
13447 7403
33394 29364
22970 15782
11410 17592
21459 32345
28267 6611
25722 16622
34189 13681
33893 20700
23687 22027
23318 37324
17807 384
28807 34990
39191 18156
28307 16992
13780 4846
2316 10992
11867 12541
33593 25745
38812 13501
37103 17166
28116 21900
6526 37316
5771 32914
19361 4648
21199 4938
28765 1590
14852 25705
17763 26142
13780 27549
33698 20220
10076 24483
19929 21224
16652 30896
14587 26277
34298 4195
29958 5300
25396 32716
12571 34737
26452 23835
30847 387
27041 34345
26647 39197
22221 32860
37304 19745
28538 23064
28116 31068
29808 28826
35293 31202
8755 20227
4736 11916
7904 18797
36099 34671
26107 10040
8930 27594
22970 16111
26526 25154
17896 30397
31091 4992
36832 11404
1237 19811
25683 23568
4822 23715
6339 32369
28452 8568
22811 37908
11534 19246
24482 19031
11474 30618
3830 13599
19089 429
33698 34686
9488 28505
33519 36819
14588 21521
27006 201
30063 32198
20065 19831
30923 11447
16507 2499
421 12782
17407 37318
39670 15767
8568 37725
39825 276
28059 6923
9205 10718
17235 24285
23090 38247
6003 25535
37169 23841
22428 7255
39471 39158
33936 34869
32142 23474
8444 11496
35686 14315
26512 14402
34607 10141
23615 9259
32919 26748
16833 31695
26452 13826
22555 21342
6753 14584
13004 9358
5163 3786
29134 31092
21468 22665
35852 34615
23324 1821
10660 438
25971 33206
27710 1684
13438 10496
6793 5161
37848 709
13531 37664
817 19017
37679 38495
25346 3007
7784 38391
4475 33113
11262 30557
15951 33128
10724 22570
10884 33735
28452 11487
25842 14799
21203 5554
3655 5591
1304 28464
36591 12972
11064 33940
15281 18922
8444 20825
17180 36138
14483 28013
9431 26798
23551 30599
32742 23683
12849 18796
36944 9097
36444 12967
7536 11807
2973 26308
21089 36186
1123 36347
22102 278
583 20413
31183 31869
6070 35789
28843 30174
25396 14345
5665 2300
10950 4658
20494 23613
33893 19135
12048 13244
28885 6343
7122 16262
18402 7010
31588 23565
97 8303
37994 39280
22972 22297
18612 34177
1123 28438
28560 18347
1613 37120
2634 10646
18367 13048
2818 974
37679 27435
31559 20113
19335 18235
12522 31253
3655 35832
9652 39600
13549 23277
27033 36802
21459 31204
1700 15306
29648 30334
11064 16672
37726 35794
39115 37774
39668 3471
4822 35521
8930 33460
38996 16582
14527 28131
30055 3229
12773 22668
1441 9285
22102 11197
22683 27087
29438 4480
20904 22543
31824 7798
23050 4416
34494 37589
35882 36268
18318 3474
23770 31556
28198 35406
39265 28046
32077 33639
36325 21899
15951 9926
13780 35704
25146 19014
16132 3786
29266 14986
28260 5582
11252 2255
21305 23448
26553 30842
10742 17406
2024 21215
18211 521
21114 18842
33884 17846
19626 13262
18535 707
37783 30850
6677 16352
18929 1350
5030 34079
7440 12319
30847 6887
39410 23354
8893 30274
9884 36474
7795 3372
9229 15898
31613 9449
12031 21203
28972 22509
35895 38378
31022 22701
10655 10934
9014 27707
21431 34334
20196 15561
12938 22879
29134 14073
1842 6314
36565 27119
33416 10074
39864 10322
22167 7939
25635 11811
39281 30156
18306 39200
28560 33302
14482 38370
21431 3274
29838 19618
13658 34787
24523 32487
16312 21830
33589 27039
4560 34491
309 26142
29349 7231
29958 20709
5423 14095
23913 37495
8137 28835
28307 1288
26107 24286
11033 15800
7331 37371
14527 13236
2098 19307
31470 32456
2676 22657
4915 7934
2973 18438
8079 14059
25683 25693
2612 38834
15191 22582
4413 34464
17278 33747
26552 5787
31920 45
38655 38884
38185 9919
14724 27155
28725 31760
19928 14794
38420 10401
25671 38070
7904 9467
583 15300
716 33840
9014 38820
23463 562
16150 1909
23090 1157
34950 30319
20180 37196
6339 29394
30063 12514
28267 20994
27590 30286
37378 37437
32792 11581
37693 17181
13689 21850
31296 17371
33184 33724
14551 28538
11064 7961
17972 15738
33572 2497
6851 9102
17896 37323
34458 15632
22985 32109
28538 23790
30792 38655
6086 26022
9488 8944
29629 24911
3655 12746
13447 25154
25342 10774
19121 39229
38996 6538
139 75
16849 14252
33609 3657
28765 32393
6182 32410
28055 39234
19978 32162
36318 29530
20660 23955
5423 6384
19335 13239
421 24580
1001 16176
6086 14132
31573 13189
33118 22542
7141 11494
16659 27047
38716 21939
30874 3953
12341 453
7740 13240
18306 34832
30491 11418
4058 34200
1857 35342
21220 29103
4349 37378
9835 20249
17927 17438
29953 17203
1237 9543
12288 14682
33131 4231
37976 39660
14224 35686
10243 29668
8137 3861
14843 13434
18886 33077
1011 5053
31088 10714
13438 5373
33057 17517
14587 477
31022 21374
27030 11719
20478 29543
7481 9462
9989 7796
32077 8439
9325 26292
6168 30448
4398 37861
29555 11139
10884 39777
28811 5864
6182 32937
38655 32471
4567 16828
19626 34826
19224 25073
38716 18580
35600 29875
37103 769
13658 21236
16759 24147
16385 35820
20936 30620
15059 29906
9537 4080
26476 1910
19351 7789
15612 29854
306 9695
15810 32893
10336 39934
10655 9081
12969 978
35394 19255
12506 14185
13531 2774
11474 36235
9346 4378
5120 8968
26175 36792
29108 8376
5668 8914
9436 29879
20737 11066
20660 21501
36582 9263
824 2425
19275 808
23701 24753
26107 2528
8717 28030
28547 7664
34393 5184
31180 21630
25442 25125
34395 34392
26554 33640
10601 25348
4413 32642
26733 2189
34395 36039
19978 19458
12674 4647
32168 9599
21305 23231
18655 33739
3678 8692
1766 10753
1090 5168
31613 32212
15275 11188
30313 22397
12433 1313
11071 5671
9835 18259
34950 25545
23938 29112
33622 1537
15951 3133
16833 14454
28267 21392
35486 7265
17982 39414
25671 3802
16610 37962
19978 35720
11288 5329
33118 27216
6509 28689
27665 35147
33893 2752
8450 28982
712 24193
5578 25619
39790 7636
39668 20567
12969 15570
1123 743
19089 9435
31890 19601
26542 31017
27693 27092
37175 15706
6753 3850
1115 25834
9211 27035
21302 5031
34387 23301
28990 3752
10109 34937
25342 27890
37464 364
16657 1575
18929 34688
10813 17490
38964 9582
9014 27184
3655 22038
27692 33093
11064 30788
60 3780
21841 20721
32 28068
12911 9889
4475 16744
28456 20259
23913 31352
2917 10087
26762 27238
15076 19725
32300 1455
14278 351
7828 1669
22734 1153
14261 1266
30477 9077
35584 14049
34221 17333
2316 39588
27026 21047
22754 2374
18462 23412
34352 13602
27892 25200
14527 15258
5112 13224
22428 15200
30491 23995
33519 6530
28368 11107
23050 14432
10647 10367
481 19815
34298 39352
21899 32959
15363 21083
20778 36850
37833 33536
26325 1127
13008 38676
12962 7859
14421 3917
2592 25299
12367 36508
20793 35733
34608 16799
6509 6946
24482 8756
17356 3217
24100 28804
31065 14747
30847 14611
24394 7133
19121 8012
14453 10352
26170 14832
14853 24793
9884 30845
480 13450
33630 12862
6753 21475
998 11520
21220 10516
38996 22522
9038 2474
32242 37836
19991 1846
22455 36513
11976 22390
3670 1352
19361 33029
23298 16494
31890 27260
27536 35519
25945 34647
12288 38999
11077 19565
26439 23736
27233 29251
37865 16388
9414 30404
39191 14853
23220 20479
14232 18598
27892 35113
38732 27783
9361 37668
9871 32459
21661 20684
30532 24962
15268 25563
20936 23560
19335 13139
20725 36593
37679 31542
15543 13520
17278 14639
28055 35589
1189 22033
14188 33454
17521 23197
25442 20783
32109 29089
20065 19063
21199 19471
33917 36169
22829 17426
8865 25906
3207 39512
10200 28076
37378 17564
34950 8079
29270 4282
28433 7691
36521 35526
2098 23125
30084 37655
15082 427
36499 12916
3271 4232
25869 32382
13438 4734
28843 21305
24715 2395
37291 13523
19335 2267
15023 15696
5659 10475
12522 29601
10448 5483
8814 17027
19121 10229
24523 23383
28059 19063
21128 16775
14426 7492
11064 9566
31794 12895
33282 29306
1001 2842
21574 28819
14278 27536
5330 34782
20494 27176
27469 14049
25671 124
6654 36139
35895 732
4253 23628
39115 33386
2548 1187
5710 27025
10633 28824
17972 33879
22829 18081
35686 33832
7122 127
691 12527
24968 17606
25591 32325
12600 39355
13549 15820
12917 5068
9205 2501
32526 6802
27590 767
2973 34396
2973 18704
66 31254
21192 39772
34494 31026
19271 7378
20072 23024
24683 8030
24665 23330
13379 38038
32195 17797
26552 38889
31573 12051
13433 22802
4560 8819
22221 25984
31543 19903
3937 10688
4660 12541
2095 8644
26170 15284
21781 20019
34395 32914
24968 27958
37022 36762
8568 23903
21805 32495
27923 913
709 35857
18535 30346
440 37390
28378 19329
27693 18358
10281 36218
8568 28254
21892 18934
19760 7827
25971 26886
14852 3023
13135 7610
29913 20055
20042 21786
26056 4666
24100 25805
27892 26040
26079 1392
10391 30616
36911 35533
14994 37409
10235 34186
37103 1293
33789 30000
35999 34929
139 10222
1237 15975
13589 24789
21038 8071
3156 29077
20498 32380
9014 26763
27409 24803
36297 15081
38974 24560
23709 21657
709 36284
32690 21190
5665 32581
21818 26372
2149 29212
34395 15924
324 25841
22926 21700
21211 21126
14080 29532
19224 36680
23090 27813
12522 858
25146 37544
28055 18053
8520 5802
16555 15394
2592 37678
36537 38393
29695 28675
37553 35437
18802 17661
16312 9138
17235 21461
37994 34227
33893 7477
3525 26442
7683 38067
23913 25956
8926 21923
2630 14589
3252 8522
20196 34286
36297 26728
10813 205
25346 34551
21747 26916
37123 18023
36297 39252
16149 32299
25941 7031
9569 16832
17873 23466
19978 16729
7141 4556
8939 16074
13351 27347
13506 36485
321 35429
33584 35680
20778 29135
28329 8185
1613 34760
9157 30420
22221 26355
12555 24664
23797 34527
15023 15025
16610 10602
32310 1646
23050 32457
2024 11516
29576 37170
37124 30222
19335 29458
264 27485
24715 699
13177 36738
33683 15002
9569 2782
34220 8264
3438 33443
4638 38527
35852 21171
6815 13523
12367 37512
39521 35213
11048 21674
9361 38947
38974 23883
33794 1329
34395 15963
32742 6414
33893 4022
20042 17004
7784 23913
32142 31343
20042 33234
10813 37106
30491 10825
22555 18819
38069 28062
20258 39119
39589 4721
3076 11407
34654 12485
13008 7168
16778 3483
881 15960
7795 18747
32526 7419
29576 11977
32935 13609
9346 974
34942 14044
28765 5236
32742 25503
34950 2725
33394 34572
13516 9581
9411 2810
18866 27367
33593 17403
4560 34841
23090 39088
37022 535
33032 24832
18367 20015
28538 28585
9884 38095
8018 7222
18495 10189
36674 39103
31824 2558
28044 3660
33394 20622
16868 31025
30491 4483
29534 22586
17873 928
6883 1195
20413 6310
35844 765
33992 18092
26554 26746
36565 6257
33593 23294
29838 1961
3250 30034
16657 17051
33250 9966
321 25911
18211 9579
22428 6524
17235 16359
22970 5410
39415 13626
5418 19612
321 6214
13689 33569
8118 9976
34438 24309
36196 4638
23220 8019
36325 30086
9884 21082
12674 27038
34395 30725
8865 39715
16610 5899
22221 8124
998 38740
25146 28074
31573 13383
23213 9216
37976 29673
16132 7810
1017 37795
10633 36588
16367 10793
26554 36006
27610 14728
30477 24948
4453 9396
3670 30938
13486 34310
6003 19381
34971 32758
22540 17167
8848 10056
6815 36711
39530 20968
31456 10465
27570 20158
37571 16890
24641 26939
37679 35068
23966 5890
6281 21161
38655 25362
16386 7159
6451 10803
33553 8745
13351 14449
21661 14996
16171 18706
30923 22976
28307 6587
8893 30880
36865 20788
1842 21064
31223 20030
31091 3910
33399 17361
14440 32483
23028 23213
37277 20317
16386 30194
36912 22230
11534 8146
39141 9552
23463 3996
33622 2733
7440 19999
9537 14125
9884 13189
12455 18805
35701 25914
22970 9526
10813 30956
22373 28218
6454 1216
4475 1663
966 23565
29838 22584
16652 30982
4033 8669
24712 37069
26056 39416
17873 12224
23097 25662
29215 4308
30767 33915
29032 32761
15096 24583
37103 28741
1090 38342
17235 8671
10716 23662
25181 30705
21091 8170
18496 23349
2527 18737
24376 18206
12201 7963
29695 27871
2467 411
8263 30862
33184 31462
7638 34155
22649 20337
4717 6863
9569 25894
17873 10389
33282 2714
8755 22227
23315 36983
13577 18970
15937 18988
39162 7850
30084 24494
646 18042
16448 15688
12313 31501
14587 21013
37022 13191
37679 6522
480 9219
39115 4802
7331 21881
15163 18335
13683 4908
36499 25115
23206 22708
14340 33802
13253 34662
37833 9373
13747 18572
34608 25713
14852 17817
13549 38271
13747 13102
16659 16435
39343 1553
23913 3110
36149 20898
20778 15045
5030 22506
39710 16975
29151 31043
14232 25387
29408 37482
30923 23183
19121 25291
16694 35250
6025 9116
13747 29810
11701 6619
10655 27282
38209 9180
23996 26690
23300 28392
34298 2255
4361 30922
20705 28144
8209 30798
21192 32675
1194 7234
25396 26515
21899 11137
36149 30181
26870 2367
3438 5744
28547 5814
34950 39287
8309 6248
34441 14642
33794 33696
18318 908
14994 35313
8865 19621
11123 38893
14710 22610
5418 36388
8326 15115
27974 28629
19401 22080
19271 14092
2818 18355
37175 21407
15023 21694
21305 36271
22583 12183
17069 30396
33992 26817
22054 26243
33394 408
13817 20208
36861 22771
37022 26944
13135 35432
37571 165
25146 30924
26529 6334
6376 3772
30187 291
31824 17172
25971 23567
25642 32402
19879 14738
27665 22922
4560 18885
10662 25381
10647 13428
13351 38388
6753 1806
7122 16116
881 35954
10243 23129
481 15560
24439 34789
19978 35243
37378 34100
18600 5758
9211 17380
13893 2844
15024 8128
14843 14844
39091 1661
30491 14998
7440 5642
35296 35952
1548 12198
5082 15740
13447 23379
28307 24851
36499 9611
7458 1144
28141 20115
22221 7541
16149 13045
26552 6874
19009 5225
6136 4934
26638 7565
5668 10519
21805 20778
12204 12104
9414 23781
6609 20855
39521 361
13516 23862
24100 37078
15309 1721
5695 18477
33282 26285
31300 7340
8209 20098
7795 30078
17763 32390
5853 14653
24665 26826
22829 12055
30187 7534
11012 15848
6003 23820
36591 2489
21841 9524
10884 11890
16312 25818
9014 37367
9835 24773
36643 3097
25584 5633
15281 20714
12288 6103
15191 9721
25166 27487
8498 23656
12098 2938
20717 6816
38795 21587
29958 8233
14440 35313
21537 2715
19256 27410
18627 39299
32109 5378
29365 11070
30136 27587
8263 18640
21805 14572
20325 4681
33032 1801
20522 30583
16386 29314
31091 18928
39825 36139
10448 30401
34352 29308
23220 33970
1925 21646
26552 11647
13165 4626
12416 3455
31372 16230
3655 36775
23135 32349
30319 25552
9431 33974
10742 16028
25001 28522
8830 37009
6560 11296
25842 21261
36777 21468
20415 38069
6793 29395
19144 14968
2467 4714
27536 13854
23028 25614
30626 16563
36758 26325
37651 12523
34458 19516
27066 26865
14251 22458
35233 2785
38587 11291
23218 6750
22764 11831
3286 16867
16652 22283
12506 8957
8018 13780
20470 3907
24809 34693
26618 34407
38420 12360
37291 17486
6086 29671
20065 26590
34241 20421
37123 6917
3992 33571
29695 27081
1700 21973
1687 1629
2060 17296
33184 3946
306 18646
31997 26042
10655 17953
30055 6051
21148 32445
38899 9818
11865 16234
7740 2303
23291 7025
20793 1906
14852 33608
97 11492
35899 34263
11412 6084
3967 16254
13557 11129
923 16680
35130 773
21203 2087
4717 16228
8263 21097
21892 10854
4057 20982
36622 23073
38026 12792
817 36698
34298 9027
8830 14300
37608 22564
18816 5069
34393 2842
10827 18319
31022 18245
18655 11346
11855 26790
32690 15266
30918 37078
16680 18583
20498 6138
28990 18133
14224 17802
37608 25954
12917 15048
14246 2794
18923 6519
15606 25076
17320 19686
27066 35538
3975 4337
19150 6206
24523 5201
35600 2921
20705 31691
12979 22248
31769 26663
29498 21075
30055 34241
18373 3744
3670 19067
18948 39456
34950 21267
26650 25230
4275 3562
20793 7458
38686 25943
36699 32210
5936 25795
6341 2689
7440 38715
16833 38253
19869 28213
24325 16561
13557 20195
8721 27069
18929 5660
33698 325
27066 1005
32310 26221
28055 25251
28043 29581
5163 2443
24439 27789
12663 5573
12571 36618
2095 15975
25571 16503
36005 2847
32574 6049
6168 1518
15281 15679
33394 9147
8409 13031
6883 1431
11276 24727
36911 10393
33032 16108
2455 4293
11819 30165
29213 30246
24028 24723
28554 35128
28318 29287
2973 151
4579 9083
12895 32877
29108 6748
25235 7572
21462 12395
15670 24922
30668 11975
24439 17225
3655 20555
11077 18715
25423 12980
14440 17728
12510 18280
9569 23769
11064 24757
9617 25332
39035 34040
38213 39822
3286 2015
15059 29289
29913 5906
29133 29336
12218 38899
16659 616
29208 15017
15670 18527
28885 10862
15654 2803
30920 37438
30087 5171
30129 14978
16149 33849
17082 16021
7442 16155
31091 22583
11865 37413
37291 29825
19929 6737
8936 3628
31625 4059
11534 19228
7980 300
12962 4352
22754 29311
32965 38437
32310 5802
33991 19226
27974 842
30491 24266
37994 12851
15810 31219
19335 8331
14080 21383
17278 21635
21073 15880
32135 1815
6336 10559
21073 33403
24990 4053
25136 25775
37277 8528
23681 34539
8930 23495
39668 6651
12555 4186
33572 32171
29032 6594
23966 33734
17972 15647
22583 24641
33118 18470
11867 14068
1773 33141
18679 3020
20660 24719
37175 37520
14224 16314
21220 3224
23957 12086
15308 4966
35293 25372
30874 1480
7795 7808
18535 13113
36499 33808
3670 25531
26553 2918
17873 21889
33572 3260
23047 25224
17460 31205
9361 43
23050 3039
8326 30068
23218 29443
3438 26349
4875 9131
19256 34715
31613 26026
29534 35747
29534 27578
31065 35866
998 8220
15209 35337
18679 16591
15268 18742
5001 36816
20698 20502
27006 2991
20522 38018
26452 7855
14892 15
8433 3015
13379 39491
31613 21863
3286 3643
21647 22040
8079 20161
381 34694
10200 5364
15309 7043
38608 9550
13379 25121
21203 28793
11867 24439
9206 34962
39162 10946
309 26161
11529 18087
28260 24455
36643 22812
37994 2979
12857 37042
12962 31597
8137 39238
14852 39017
6574 11151
34395 22279
18306 20528
27974 18836
4087 34327
139 35763
6781 28385
33711 6578
9014 7639
682 23794
13834 33068
10076 35151
7 8499
29838 33743
5112 1666
30918 11632
8137 36262
21892 23627
817 25729
33919 16957
993 15848
12857 30260
30767 36829
25552 7467
16680 15802
23028 6638
16171 9104
27590 24889
36912 245
9014 18574
32558 4914
9537 37029
33789 18987
22455 9451
4475 23142
5418 14014
31985 1119
29357 34353
11865 26125
11323 37631
21192 8027
18201 30965
12455 20781
38608 6108
11276 17373
19121 39278
17873 36063
32792 18567
27400 27701
16599 38152
26552 25453
4858 16664
6654 26959
29357 35672
27932 20568
16132 10535
32195 22220
21841 13423
21818 7584
35686 4675
2954 27605
27537 35156
6609 27149
16610 14350
24851 1517
15242 35700
16900 24096
7643 25007
31456 27588
22645 15143
36994 17453
60 31602
6413 25152
22373 37384
19271 18724
28452 20498
2246 34542
34942 10647
34438 17263
10647 12871
14932 1140
18886 23751
23300 37589
30090 2262
34271 13655
16672 7692
881 617
7784 8028
3286 27528
18496 8844
22926 337
37976 12020
37308 22323
11510 24931
14843 14008
10718 26036
10813 1668
7481 30387
14251 9916
27590 31139
37679 19854
6339 30056
33243 22126
18627 20453
26618 12398
1090 9447
12519 11975
11534 26729
9835 8924
27537 32393
1773 33408
26452 35505
22555 10058
1927 11745
9488 38133
9488 24260
20584 3812
22054 26175
36388 3110
14932 36206
5004 36116
25941 36587
33740 28180
3286 10916
25506 18818
20002 28886
36380 32701
23551 22422
6509 18507
9397 4744
12857 11841
6239 35916
16964 34856
4579 876
6677 3845
32479 24869
22102 32568
6756 33635
37291 39614
34202 33776
34414 20428
36149 4663
16759 12154
39530 26732
13747 23727
34608 27054
25442 17935
33011 7193
10655 18640
17180 3152
21344 17834
469 26425
12686 10104
6086 28550
32035 5091
28843 20511
20072 28101
4057 11791
17896 27106
23370 15443
17985 33756
9751 10563
14381 36562
33893 8381
22188 13488
33593 33586
5578 20336
14367 8652
8825 20216
27536 10091
6070 14393
31113 36728
20793 30055
18948 6359
8755 31285
7440 18273
22103 28583
17278 28920
37277 633
10243 28360
34753 5908
8444 7976
30530 2757
38322 39600
13454 3083
21735 31409
23957 20020
6454 21890
26443 885
32526 15614
20660 4694
26056 14868
35686 447
29958 5515
7904 30774
34189 4286
32690 7845
23855 10645
30350 37791
20325 29681
33184 1559
37169 20815
36699 12804
11366 16834
20494 26928
11122 32898
1925 8977
10243 10707
2630 25078
25688 26881
3207 2591
2704 32393
31625 39442
23938 1806
33282 25239
24665 8237
19690 12624
17873 10058
1357 10660
10655 9297
4579 11608
17972 26067
25931 11117
6793 18032
19271 22947
28769 260
26056 37109
39668 7323
39825 20385
38295 19254
32077 26857
37411 27047
25423 14322
18252 17635
16386 13285
29629 10849
4717 7295
11276 29993
38420 33058
2023 6662
5925 28312
7172 29966
14790 13148
15268 17285
14440 9921
33125 6661
36099 34867
29524 22514
31613 12509
9048 23875
12857 13799
33789 28093
10071 10058
14588 7789
37885 24914
23701 12228
36911 8049
15076 26939
34387 413
8865 25274
9205 17284
5740 20852
35784 34097
5455 15933
33553 35189
1700 35385
29524 5587
33789 7410
21818 8518
25552 38287
16132 13664
21192 22631
27830 35530
28129 32757
12489 12493
35134 13470
29555 6795
1700 23351
2360 29439
38907 13099
34189 33861
3667 29135
16868 8095
7141 2299
4717 3828
39162 38389
10281 6253
24439 5796
29958 34426
34692 12434
15450 7120
4475 13737
2801 14050
36912 30724
9361 4341
24968 26388
36499 13852
29108 10601
421 22157
35735 31190
20778 22457
30350 8221
33698 5450
22970 3158
23090 11346
10235 26461
38899 37046
21841 21597
26638 32702
21398 27500
24523 26761
4448 21381
33884 4495
712 39799
37608 10959
25346 29637
22054 29735
27693 11561
27030 38691
31543 23141
33032 20026
34753 18300
2095 15309
7172 4153
9361 9071
27537 14152
32574 6483
26056 4311
18211 35651
19329 18177
19580 14751
15281 27973
25112 16416
23050 8472
4475 607
30790 11521
28426 32937
32782 25524
22103 31514
9229 19763
15603 34123
10884 39277
28543 5270
31920 17243
35600 22211
14587 15698
2024 1585
19978 12478
21735 7906
33868 34780
32558 6061
12991 38460
28632 751
9431 26946
17160 6697
4413 37340
17521 22231
6182 12331
10112 13301
12592 23316
12962 11840
14440 14113
35600 16166
17445 21849
23709 18621
5668 13737
37994 27882
20325 8323
8118 13766
13506 4540
9884 557
646 19185
17896 34338
22373 8913
6354 20516
18629 17016
26056 709
30063 17033
38059 16219
26618 32711
3540 27941
12592 26802
5402 35188
38504 5755
39191 9085
38322 18215
23709 21133
39430 10259
8568 30174
17521 19036
12962 38080
1115 5735
29958 14020
23913 38976
24696 36681
14588 39545
13689 11824
15670 21466
24482 37585
39091 5586
8054 35291
60 37716
8938 36896
29221 32829
25342 377
18496 35900
16157 33168
23643 21025
2634 30061
19991 35367
23318 37709
21462 36543
34600 20733
13502 8434
12969 30240
7904 4360
36025 231
25136 39672
6168 27495
4413 18071
26170 39805
13161 6193
5120 12892
17445 9524
12522 33639
20361 6404
8054 36316
6168 19370
39035 20125
9206 13290
34438 21706
3286 11171
33408 34315
34202 38377
37994 39923
35701 29949
6883 13929
5120 1728
5625 754
32558 22576
13135 28161
10243 29665
31086 6458
25346 33046
1115 38744
14843 23693
9229 33127
30920 20648
8765 14980
2634 39841
881 26255
32033 2484
21899 29336
22774 20444
2592 15796
24191 19054
37553 3171
22901 6406
18948 34146
28554 26065
25985 429
14367 13632
4361 37129
21647 10152
12131 3768
12917 20704
10336 34585
18679 16457
8137 19564
5004 7882
25346 23320
14305 1764
15951 38416
1090 1673
25459 37837
21696 20924
12592 26708
20783 24996
21462 11562
7795 28132
8830 10913
17521 4856
7172 15442
37571 5828
36591 25492
11565 12847
29243 12108
16833 36429
27111 7292
32574 15896
28307 17873
10593 18003
21192 23651
16385 39391
37608 28088
31573 25769
5625 18911
15951 15429
34607 31379
4962 17748
16149 22540
9206 26327
30874 15124
27590 27802
33011 14683
12341 15967
11229 16693
16386 16510
12555 29261
37124 21225
25842 37397
10076 34377
9397 37479
14305 6107
23033 27570
34007 9833
23551 22941
36325 39237
37022 39699
37876 9876
15233 34870
12211 36934
34401 38763
11529 26894
11556 16849
24439 26311
23213 9672
28310 37947
5237 25993
23356 30573
27006 4918
6883 13472
21642 38076
36099 7076
19809 29863
33399 23212
10216 23303
19191 31974
26161 37216
6654 28142
4579 25590
20760 32980
22896 38992
20105 32532
35153 37242
309 29821
23318 17204
15024 2745
4717 22944
4822 22510
15654 8103
31804 32685
15654 4308
10336 32275
33553 1732
18744 7348
32310 1163
264 36517
5112 8500
37022 2650
6246 5954
18600 30300
35969 36410
37553 22404
37564 26590
14278 25354
36149 33693
35417 39002
33593 5603
17807 35885
30187 36621
38980 19359
19275 8147
37124 34084
14224 14842
32272 13911
39902 29948
28307 15535
16833 31344
37277 30692
17985 10887
1810 39520
35686 21665
15082 16456
3992 15151
38393 6509
37170 28166
32468 20262
25642 26997
37994 20177
8848 23162
15076 22012
19512 37449
11064 4604
34458 36732
9038 36502
10336 27480
22970 33218
39386 36977
2818 8433
28129 26885
11122 35103
38420 13496
5740 15179
33553 5812
9361 29019
28632 26181
31022 8979
29412 23245
37794 13466
6609 38863
20575 31760
29913 9264
17896 22520
39956 13222
7629 21098
5578 30082
13780 19891
20470 23042
3457 24208
2973 4121
17445 8191
11865 36507
3438 21355
5418 37352
2677 13067
18201 30927
12592 1514
33936 34258
15023 27856
38862 2665
32272 33512
3719 11382
34458 39795
881 20702
11523 23196
18629 3648
21841 22247
38393 25206
28547 14660
32155 11453
39191 23526
38065 39607
9569 10515
26471 31090
13046 39479
39984 15132
23572 32974
15024 39788
22904 36548
22412 3658
15670 2187
17521 7901
29555 39166
37103 21259
22455 1841
33589 24462
24378 34243
33630 14889
37464 36383
30111 32403
1702 17439
10742 35178
27297 22510
1319 16272
16076 21313
13516 19936
10235 32006
2496 28046
25342 15890
6125 2774
12127 375
16659 11739
27693 29420
19760 22098
38899 38065
7012 17617
15781 20676
35686 39734
6793 38310
13747 6680
18866 12355
10950 3015
9014 31647
37304 34925
2759 11932
8930 24924
9137 15894
5740 6989
17320 7112
36499 1736
10200 36089
2714 23123
9537 23548
31997 27419
10281 33310
35296 29609
11366 31743
20498 15148
18496 19011
3937 8680
29134 20329
11064 34257
20617 8355
37848 13643
14567 26006
37291 12081
39346 38606
33572 2352
28990 22247
3262 14689
14587 30368
37124 12568
37608 33387
10593 19498
4915 37518
5414 7864
33553 1870
23585 29093
881 27153
25342 14681
2098 30971
3286 3185
16849 25341
8326 36433
20042 28399
11084 1188
23687 21462
13271 8686
21091 8439
22970 32228
37474 7275
31613 26961
10305 31690
7011 4447
2630 32096
27665 17309
9885 2442
15309 35615
8656 17813
33966 35438
19510 13038
17445 38535
5740 36925
15163 28397
34298 26412
23701 36199
34866 29737
24083 1495
10325 28144
19271 11756
34298 15619
23318 32130
15163 9988
32558 34231
18612 27077
21305 8720
34942 15556
4070 8352
23357 8183
16199 3811
28307 8355
21504 2938
31113 10762
19580 33318
2941 28448
21827 24315
27974 8808
37124 38363
7108 31238
21091 2756
23318 4011
19510 20302
19928 17965
29808 33447
23356 24164
9431 25160
31790 6201
25146 28612
13433 19795
29709 21743
23855 1644
33584 6055
38737 35382
5418 1289
30350 7392
25680 22699
583 15136
5853 4875
26749 31705
22683 37913
35214 8816
2973 21237
7172 7646
37291 16047
36699 37134
18911 6013
15309 34815
38091 10340
11580 819
7645 30255
18306 5963
6883 3404
13056 24445
32077 39654
1842 28110
38267 12669
33917 34607
3540 284
38980 15350
20065 26404
15810 34220
3438 27600
39668 8999
11071 20339
37279 27411
19991 32577
36454 1765
32558 39380
10867 6364
11366 37763
16171 31387
18679 22215
26103 7816
18163 16050
12015 1942
38732 20082
21647 24657
13729 29837
2373 21692
6997 38919
9414 2492
2373 39267
28670 27434
11118 257
21203 11704
35800 13918
3723 5800
28744 13407
29757 2630
37888 23785
14305 29183
30090 2468
37103 16397
21841 34834
12962 27672
8444 16231
26529 28285
7481 3227
16385 29582
21431 1458
29208 4926
28853 19755
15781 26856
16540 30472
13447 18991
1176 5541
60 3465
28632 37422
25442 1455
17320 23893
17448 27961
18234 1972
6182 9760
36699 1023
34157 12117
2902 16820
2677 17758
28990 5378
26103 26497
21199 3537
28260 34285
12571 17864
9271 7431
18843 34481
32195 27013
3457 14316
28358 10300
21805 4488
5416 23921
7325 1195
9414 7099
22102 9393
34049 30223
4475 206
16056 38476
28769 35270
25166 38695
13963 12653
17873 19710
20478 37072
19335 36231
30625 29861
12773 28069
37169 6366
8444 25764
1237 19948
28267 34213
8830 3283
1115 11117
9014 34048
17972 28653
21647 18971
12579 25344
38974 8982
22245 22617
25346 8138
14080 32554
2764 37792
13447 25618
7720 920
22645 24965
20909 35884
12489 15922
12969 25839
16149 38674
22428 39930
15878 36520
36099 8887
27111 31976
17320 22826
13689 3233
9488 27423
27892 34490
22583 26754
37175 25377
29151 17650
15023 23904
16659 29214
27026 2272
35852 39884
1687 38029
6677 1213
9038 1646
469 24747
9835 6689
7458 39112
35686 34028
30960 15750
13506 6807
28307 33036
26526 5713
264 15058
18201 28748
1842 37389
2039 33276
4579 28408
12851 253
20488 20189
31997 22964
6086 16516
11510 21116
22774 36369
3843 25794
21817 17532
37291 15321
469 5910
28037 18550
2677 4088
13433 34201
881 26124
24809 7278
29134 12879
2373 7349
20296 16911
14527 37816
26103 39082
9397 11892
9411 4901
28055 15439
14224 24054
31645 18503
12031 3526
26854 4672
24523 24045
18252 13540
33892 6685
21459 20208
9885 30843
8079 11786
16610 13795
16635 22950
9488 36034
17278 20027
20261 19194
32168 39021
6003 2824
8938 32337
32558 9629
14527 31781
28129 18817
5074 10446
27409 26258
35962 9702
6451 5741
2902 20061
27026 9614
25423 17599
817 4680
18612 38457
36622 25495
38996 39066
18211 4459
34813 25035
6753 25735
39198 38714
25235 10537
28037 35625
33032 3715
33553 17504
21334 11086
8639 28538
11485 7677
30923 21207
10448 32335
32168 20317
36149 19428
38209 30076
23337 11233
11290 673
31561 888
37608 32218
36994 23695
30063 23067
22946 19443
38800 23467
25311 31917
5684 18978
2973 28916
14224 17973
13689 28562
10200 24204
22583 20195
35134 14756
37833 10719
39091 35503
17873 19504
7442 8959
37976 22366
5074 39061
709 26960
29438 39462
18201 7777
14843 39092
17136 2376
6883 5188
9858 23119
1189 35782
34988 37623
11134 32279
8830 36069
33582 6313
32526 26685
60 12161
32272 18158
14527 23442
10076 28084
18495 17529
3937 9890
8071 9591
20387 35706
28452 35416
37571 26801
28452 911
29043 33486
28547 17573
25194 16169
21817 38123
7481 17553
33553 36298
25552 21422
29151 13134
12555 24014
19928 14866
6815 33480
2630 10578
6677 32744
31372 27923
12367 36692
33506 15776
1007 279
24267 30530
12674 31481
966 22532
20218 7894
19928 5669
38240 36247
15878 25519
13825 2352
13351 19979
25858 26292
469 15284
23315 2998
25235 17847
14278 31770
15309 18929
27030 26777
4419 30019
12455 17905
15514 2742
1925 16047
26170 19844
38716 23942
32053 30671
21459 225
4475 21088
5688 26355
21907 4866
27303 16994
36103 34619
29357 33120
36499 26502
25971 25179
10448 20650
36149 9381
6654 24185
34813 25829
5120 19389
24205 10176
13549 24305
34544 8077
725 5689
28267 20772
19121 6247
8054 34011
5665 8199
21899 29951
1319 26469
8986 28119
16599 27912
19580 2504
7515 28550
30569 31613
3109 11326
16659 10114
11064 2755
23300 16554
38655 19696
7458 17604
28988 16025
29208 7613
18248 2224
39015 37750
36297 18275
33121 39011
34950 31933
6717 1988
13658 39550
6035 13489
7481 303
32606 3528
12321 22824
5938 9901
10243 2036
14567 11637
30063 29004
12489 36378
31113 23559
32300 31494
35296 25066
26452 2353
3929 22737
11366 7977
3992 30423
20135 3574
7331 38392
33884 29595
10867 23357
23300 24889
27111 1194
26553 29064
25346 9688
28885 26863
20494 29328
1857 20188
28433 25420
37751 27078
32965 12422
16341 3685
26801 11190
10655 38616
19760 38343
35600 652
37304 32356
13304 32905
25417 10941
9346 35446
9569 20215
15878 4187
26831 7396
30767 19647
15163 19401
31645 9614
469 7581
14994 6962
31794 24551
26103 26951
26618 39603
23315 670
29534 14763
32168 21992
11804 21468
12078 7266
646 2332
24523 2102
29874 22395
30767 30847
14680 5394
23855 10506
17521 3659
11366 25182
14807 27926
9205 31364
39213 1314
15951 33056
28307 9876
8755 18744
25321 18247
34387 744
306 16553
6339 37161
15309 6303
20977 19011
26618 21232
6182 11723
16150 23130
709 29716
30532 34200
36325 22660
13350 30216
30187 8957
29691 33298
881 35982
1001 10934
13689 29934
12663 31742
25321 28780
39521 10225
3670 2302
7204 39743
11621 5629
7981 14151
17633 20807
4915 18017
1700 39232
14184 11311
32935 8735
16849 1370
10813 8601
32919 39958
33589 27737
14305 27312
36637 36074
22428 32634
23692 22583
30743 25625
29695 21313
17717 37085
17278 10479
12519 31033
36196 27717
12773 34198
27033 15527
1237 257
29134 14492
2098 15628
28632 36553
37982 9416
27536 36752
12419 10129
27030 4743
12367 37655
2055 38089
39191 39341
20760 36691
10336 24950
37994 13728
6015 21898
36650 22286
15556 6167
18866 13711
14188 12481
6168 756
10655 32960
12480 8029
36318 35704
29788 13180
19121 34227
27726 21826
13577 25708
21907 12249
16659 31190
28452 10947
13963 14182
9835 27705
5962 21786
1857 31969
30063 32911
23291 10996
16843 24535
26618 33567
7828 38471
817 26319
4915 11804
36895 18606
4858 33738
8071 1642
34220 492
18929 13478
9431 1972
36005 1638
19335 36386
6003 37016
10073 19379
3927 1261
14242 12534
34298 14798
33992 32257
20267 21148
39927 26069
38980 35739
1700 29833
12522 11717
19368 23972
37124 19805
22064 22960
17278 5059
399 70
2677 16141
30477 32179
34393 19808
26204 15866
18942 15854
35686 38352
5455 18027
34998 36223
1023 8658
16132 22719
27440 39648
23687 3969
3540 37121
29412 20123
16150 3166
581 5102
28456 18011
7515 7016
35600 37897
1090 2821
20824 36489
29576 12866
30669 2907
38116 34855
97 7316
6182 29651
6451 27304
7542 16360
32272 17301
18655 32977
399 39183
18535 26032
26107 15552
16900 16215
15268 14267
22103 17411
6070 57
17393 36999
2467 18973
15256 18738
1357 8815
32277 33151
7784 10684
9014 19121
28433 15049
14393 15374
31559 11314
38900 15226
33572 25835
33584 35909
34608 37474
36912 8975
3286 34211
23830 27887
16659 18677
23318 5396
6654 13081
15367 13714
16652 25458
11565 22445
36758 4636
15076 15691
1189 11830
37976 14854
6781 13373
581 5156
22555 30487
20793 20254
37304 14260
6003 28394
7720 27116
21431 11971
264 27445
24460 39214
29498 414
29412 28319
28538 15020
732 22264
25873 38268
19224 38249
5163 37232
29213 25980
36297 36474
21462 19985
36643 19448
2246 33108
14527 22411
36637 17811
23913 9672
881 17332
11077 29761
39162 35140
39965 28125
19434 39418
6654 8759
27111 23887
5112 17733
2373 9077
31824 25261
8930 34336
14588 36889
11402 6
569 18315
28307 29197
25230 19814
11867 16662
39521 38325
27026 691
6168 32887
22583 38616
5004 16261
12119 24683
2618 18566
29958 25108
30187 34110
12571 32397
19361 5022
31626 13481
8231 17191
28318 7987
27570 30301
34950 1068
646 31141
881 19757
35962 28171
30792 26378
6654 27442
24044 3279
26452 33202
31804 29679
39242 1007
16367 5615
11745 31402
15480 38210
10647 36508
9411 11325
15804 8459
3699 34798
21203 21168
37304 18349
1123 36961
